0 0.72421875 0.22734375 0.0578125 0.0796875
0 0.7421875 0.275 0.06875 0.0875
0 0.67890625 0.63125 0.0578125 0.075
0 0.71953125 0.603125 0.0578125 0.09375
0 0.52421875 0.79375 0.059375 0.0796875
0 0.5640625 0.77109375 0.05625 0.0890625
0 0.4015625 0.3578125 0.059375 0.0796875
0 0.4453125 0.33046875 0.05625 0.096875
0 0.55859375 0.19453125 0.0625 0.084375
0 0.59375 0.1703125 0.0578125 0.0953125
0 0.25078125 0.52421875 0.059375 0.075
0 0.2875 0.49765625 0.0578125 0.0875
0 0.140625 0.84921875 0.05 0.0703125
0 0.1578125 0.89609375 0.06875 0.08125