0 0.6625 0.18671875 0.04296875 0.07265625
0 0.68984375 0.2296875 0.05390625 0.078125
0 0.70234375 0.59140625 0.04453125 0.0671875
0 0.7359375 0.55546875 0.03984375 0.0875
0 0.584375 0.78203125 0.0453125 0.071875
0 0.61875 0.7515625 0.040625 0.0828125
0 0.37421875 0.38125 0.0453125 0.07109375
0 0.4109375 0.3453125 0.03828125 0.090625
0 0.49375 0.1890625 0.04765625 0.07578125
0 0.5234375 0.1578125 0.040625 0.0890625
0 0.2609375 0.57578125 0.046875 0.06640625
0 0.29140625 0.5421875 0.04140625 0.08125
0 0.22109375 0.91640625 0.0375 0.06328125
0 0.24765625 0.95859375 0.05546875 0.07109375