0 0.39375 0.63125 0.09375 0.0703125
0 0.5953125 0.92578125 0.0859375 0.09375
0 0.965625 0.2046875 0.0578125 0.1109375
0 0.8984375 0.2109375 0.08125 0.071875
0 0.90859375 0.14609375 0.0765625 0.0484375
0 0.92734375 0.178125 0.0296875 0.040625
0 0.88359375 0.17265625 0.0296875 0.053125
0 0.14296875 0.53984375 0.053125 0.06875
0 0.203125 0.6375 0.046875 0.15625
0 0.1703125 0.63046875 0.0484375 0.1640625
0 0.35 0.884375 0.040625 0.0578125
0 0.37734375 0.875 0.0265625 0.046875
0 0.3921875 0.9078125 0.05 0.0625