0 0.41015625 0.64296875 0.0875 0.059375
0 0.64609375 0.9109375 0.07578125 0.084375
0 0.92578125 0.15 0.04453125 0.10625
0 0.86015625 0.16484375 0.0734375 0.06328125
0 0.8625 0.09921875 0.07265625 0.040625
0 0.88515625 0.128125 0.025 0.0375
0 0.840625 0.128125 0.0234375 0.05
0 0.15078125 0.5828125 0.04609375 0.0640625
0 0.221875 0.67265625 0.028125 0.1546875
0 0.18828125 0.66953125 0.02890625 0.16171875
0 0.39765625 0.9 0.03359375 0.0546875
0 0.42421875 0.8875 0.02109375 0.04453125
0 0.44296875 0.91796875 0.04375 0.05703125