0 0.40078125 0.63671875 0.0921875 0.065625
0 0.6171875 0.9203125 0.08125 0.0890625
0 0.94921875 0.18046875 0.0515625 0.109375
0 0.8828125 0.190625 0.078125 0.06875
0 0.88984375 0.12578125 0.075 0.0453125
0 0.91015625 0.15625 0.028125 0.0390625
0 0.865625 0.153125 0.0265625 0.0515625
0 0.14609375 0.55859375 0.05 0.0671875
0 0.21015625 0.653125 0.0390625 0.15625
0 0.17734375 0.64765625 0.040625 0.1640625
0 0.3703125 0.8921875 0.0375 0.05625
0 0.39765625 0.88125 0.0234375 0.0453125
0 0.4140625 0.91328125 0.046875 0.059375