0 0.2796875 0.85 0.08125 0.13828125
0 0.32734375 0.73359375 0.071875 0.128125
0 0.36328125 0.6234375 0.07890625 0.134375
0 0.37578125 0.7421875 0.05625 0.13359375
0 0.4140625 0.65 0.04609375 0.1125
0 0.43984375 0.57265625 0.046875 0.08984375
0 0.4625 0.515625 0.03828125 0.090625
0 0.4875 0.45625 0.03984375 0.10234375
0 0.3984375 0.525 0.0734375 0.1234375
0 0.43203125 0.4234375 0.075 0.14140625
0 0.51328125 0.23203125 0.07109375 0.0984375
0 0.565625 0.2828125 0.06640625 0.10546875
0 0.58515625 0.20234375 0.08046875 0.090625
0 0.53984375 0.146875 0.0609375 0.0875
0 0.55859375 0.06953125 0.065625 0.09296875
0 0.58828125 0.1125 0.03984375 0.1171875
0 0.6296875 0.11484375 0.0578125 0.10234375
0 0.746875 0.2296875 0.07421875 0.1140625
0 0.69453125 0.18203125 0.05234375 0.1046875
0 0.67734375 0.225 0.05546875 0.084375
0 0.63203125 0.34609375 0.05390625 0.0875
0 0.6828125 0.396875 0.0703125 0.08359375
0 0.72265625 0.334375 0.0609375 0.0921875
0 0.67265625 0.30703125 0.0796875 0.1109375