0 0.26171875 0.83828125 0.0890625 0.1421875
0 0.315625 0.72421875 0.078125 0.13125
0 0.35703125 0.61640625 0.0859375 0.1390625
0 0.36328125 0.73515625 0.0625 0.1359375
0 0.40625 0.6453125 0.0515625 0.1140625
0 0.4359375 0.56953125 0.0515625 0.0921875
0 0.46171875 0.51328125 0.04375 0.0921875
0 0.48984375 0.45546875 0.0453125 0.1046875
0 0.39765625 0.51953125 0.0796875 0.1265625
0 0.4359375 0.4203125 0.0828125 0.1453125
0 0.52734375 0.2328125 0.0765625 0.1015625
0 0.5765625 0.28671875 0.071875 0.109375
0 0.60078125 0.20703125 0.084375 0.0953125
0 0.55859375 0.14921875 0.065625 0.090625
0 0.58125 0.0734375 0.0703125 0.096875
0 0.60859375 0.11796875 0.0453125 0.11875
0 0.65 0.121875 0.0625 0.1046875
0 0.7609375 0.24296875 0.0796875 0.1171875
0 0.7109375 0.19296875 0.0578125 0.1078125
0 0.69140625 0.234375 0.059375 0.0875
0 0.63984375 0.353125 0.0578125 0.090625
0 0.68828125 0.40625 0.075 0.0875
0 0.73125 0.34609375 0.065625 0.0953125
0 0.6828125 0.31640625 0.0859375 0.115625