0 0.2171875 0.8015625 0.10625 0.1515625
0 0.2859375 0.69609375 0.0953125 0.1390625
0 0.3421875 0.5953125 0.103125 0.146875
0 0.33203125 0.7140625 0.08125 0.1421875
0 0.38671875 0.63046875 0.0671875 0.11875
0 0.42734375 0.56015625 0.0625 0.096875
0 0.46015625 0.5078125 0.0546875 0.096875
0 0.49609375 0.4546875 0.059375 0.1078125
0 0.3953125 0.50546875 0.0953125 0.1359375
0 0.44765625 0.41171875 0.1 0.153125
0 0.5640625 0.23984375 0.0890625 0.1109375
0 0.60625 0.29921875 0.0859375 0.115625
0 0.640625 0.22421875 0.096875 0.1046875
0 0.60625 0.1609375 0.0765625 0.096875
0 0.63984375 0.08828125 0.0828125 0.103125
0 0.6609375 0.13671875 0.0609375 0.121875
0 0.70078125 0.146875 0.0765625 0.1109375
0 0.79375 0.28203125 0.0953125 0.1265625
0 0.7515625 0.225 0.071875 0.1125
0 0.7265625 0.2640625 0.0703125 0.09375
0 0.65859375 0.37421875 0.0703125 0.096875
0 0.69921875 0.43359375 0.084375 0.0953125
0 0.75 0.3796875 0.078125 0.1015625
0 0.70625 0.34375 0.1 0.1234375