0 0.571875 0.26875 0.075 0.1265625
0 0.5421875 0.3640625 0.0734375 0.1140625
0 0.5078125 0.46171875 0.0703125 0.1109375
0 0.48046875 0.54765625 0.06875 0.1078125
0 0.4515625 0.6328125 0.0765625 0.1203125
0 0.4234375 0.71328125 0.0734375 0.0953125
0 0.40078125 0.77578125 0.0703125 0.1
0 0.49609375 0.21484375 0.065625 0.1125
0 0.4671875 0.3015625 0.0609375 0.1
0 0.4421875 0.3796875 0.0546875 0.0765625
0 0.41796875 0.44609375 0.0640625 0.0875
0 0.3921875 0.528125 0.071875 0.1078125
0 0.3625 0.62421875 0.0734375 0.096875
0 0.3328125 0.715625 0.08125 0.1359375