0 0.51328125 0.25859375 0.075 0.1265625
0 0.5078125 0.3578125 0.0734375 0.1140625
0 0.4984375 0.4609375 0.0703125 0.1109375
0 0.49296875 0.5515625 0.06875 0.1078125
0 0.48515625 0.640625 0.0765625 0.1203125
0 0.47734375 0.72578125 0.0734375 0.0953125
0 0.4703125 0.79140625 0.0703125 0.1
0 0.42734375 0.22421875 0.065625 0.1125
0 0.41953125 0.315625 0.0609375 0.1
0 0.41484375 0.396875 0.0546875 0.0765625
0 0.40703125 0.4671875 0.0640625 0.0875
0 0.4015625 0.55390625 0.071875 0.1078125
0 0.396875 0.65390625 0.0734375 0.096875
0 0.38984375 0.75 0.08125 0.1359375