0 0.54296875 0.26171875 0.06015625 0.1203125
0 0.525 0.36015625 0.06015625 0.10703125
0 0.503125 0.4609375 0.0578125 0.1046875
0 0.48671875 0.55 0.05625 0.1015625
0 0.46796875 0.6375 0.0625 0.11328125
0 0.45 0.72109375 0.06328125 0.0875
0 0.43515625 0.7859375 0.059375 0.09296875
0 0.46171875 0.2171875 0.05234375 0.10625
0 0.44296875 0.30703125 0.05 0.0953125
0 0.428125 0.3875 0.046875 0.071875
0 0.41171875 0.45625 0.0546875 0.08203125
0 0.39609375 0.54140625 0.06015625 0.1015625
0 0.37890625 0.63984375 0.06328125 0.0890625
0 0.36015625 0.734375 0.065625 0.1296875