0 0.1640625 0.60625 0.034375 0.065625
0 0.115625 0.7 0.059375 0.2734375
0 0.15078125 0.76171875 0.046875 0.1703125
0 0.278125 0.63046875 0.040625 0.0859375
0 0.49296875 0.8703125 0.0390625 0.0703125
0 0.3765625 0.8484375 0.0375 0.075
0 0.26796875 0.78359375 0.04375 0.1703125
0 0.28671875 0.12734375 0.0640625 0.14375
0 0.26875 0.28828125 0.05625 0.1078125
0 0.29296875 0.21953125 0.0234375 0.05625
0 0.278125 0.3640625 0.0203125 0.0578125
0 0.253125 0.47421875 0.06875 0.1890625
0 0.20859375 0.10859375 0.0265625 0.109375
0 0.23828125 0.12421875 0.0421875 0.125
0 0.20078125 0.2 0.028125 0.0859375
0 0.19453125 0.2796875 0.0296875 0.10625
0 0.2265625 0.24921875 0.046875 0.1515625
0 0.21796875 0.359375 0.0421875 0.1078125
0 0.20625 0.4765625 0.053125 0.16875
0 0.18125 0.43359375 0.040625 0.2359375
0 0.50390625 0.73828125 0.0421875 0.121875
0 0.38984375 0.69140625 0.0453125 0.1671875
0 0.2 0.6296875 0.04375 0.109375
0 0.18671875 0.7703125 0.0421875 0.1609375
0 0.2390625 0.640625 0.04375 0.109375
0 0.228125 0.7734375 0.046875 0.1734375
0 0.315625 0.6515625 0.04375 0.10625
0 0.30390625 0.7875 0.0484375 0.1734375
0 0.35234375 0.6640625 0.040625 0.1203125
0 0.34453125 0.771875 0.0390625 0.1125
0 0.33828125 0.84921875 0.0375 0.0578125
0 0.428125 0.72109375 0.04375 0.1078125
0 0.41796875 0.82890625 0.0453125 0.134375
0 0.46953125 0.67890625 0.040625 0.10625
0 0.46328125 0.77734375 0.0390625 0.1109375
0 0.4546875 0.8609375 0.0375 0.0875
0 0.54609375 0.68125 0.0390625 0.08125
0 0.5390625 0.7546875 0.0453125 0.1
0 0.53046875 0.8546875 0.040625 0.1234375
0 0.615625 0.74140625 0.0453125 0.1671875
0 0.58203125 0.696875 0.0375 0.0953125
0 0.5734375 0.77890625 0.0390625 0.090625
0 0.5671875 0.8671875 0.0421875 0.103125
0 0.6203125 0.89375 0.0625 0.08125
0 0.6421875 0.8125 0.0390625 0.1171875
0 0.65234375 0.71484375 0.0375 0.096875