0 0.20234375 0.6890625 0.0484375 0.071875
0 0.18125 0.79296875 0.11875 0.278125
0 0.23046875 0.84296875 0.084375 0.175
0 0.31953125 0.68359375 0.059375 0.0921875
0 0.5890625 0.859375 0.0546875 0.0765625
0 0.47109375 0.86875 0.053125 0.08125
0 0.34921875 0.83359375 0.08125 0.175
0 0.19765625 0.1953125 0.09375 0.153125
0 0.221875 0.35546875 0.078125 0.1171875
0 0.22734375 0.2828125 0.0359375 0.059375
0 0.25078125 0.42578125 0.0328125 0.059375
0 0.2546875 0.5390625 0.1078125 0.196875
0 0.1171875 0.19765625 0.05 0.1125
0 0.15 0.2046875 0.06875 0.1296875
0 0.1328125 0.28828125 0.046875 0.0890625
0 0.14765625 0.36640625 0.0515625 0.109375
0 0.1703125 0.328125 0.0796875 0.1578125
0 0.19140625 0.43671875 0.065625 0.1140625
0 0.2109375 0.55390625 0.0890625 0.175
0 0.175 0.51796875 0.0921875 0.2375
0 0.56484375 0.7296875 0.06875 0.128125
0 0.44296875 0.71328125 0.08125 0.171875
0 0.24375 0.703125 0.0671875 0.115625
0 0.2671875 0.8421875 0.0765625 0.165625
0 0.284375 0.70390625 0.0671875 0.115625
0 0.3078125 0.834375 0.084375 0.178125
0 0.3609375 0.69375 0.065625 0.1125
0 0.384375 0.828125 0.0859375 0.1796875
0 0.4 0.69609375 0.065625 0.125
0 0.4203125 0.80234375 0.0640625 0.11875
0 0.434375 0.8796875 0.05 0.065625
0 0.48828125 0.7328125 0.065625 0.1140625
0 0.50546875 0.8390625 0.0734375 0.140625
0 0.5171875 0.68125 0.0640625 0.1125
0 0.5359375 0.77734375 0.0625 0.1171875
0 0.54921875 0.86015625 0.05625 0.0921875
0 0.59140625 0.66328125 0.05625 0.0875
0 0.60390625 0.7359375 0.0671875 0.1078125
0 0.62109375 0.834375 0.0671875 0.128125
0 0.6734375 0.703125 0.0828125 0.171875
0 0.6296875 0.66875 0.0578125 0.1
0 0.64296875 0.75 0.059375 0.096875
0 0.659375 0.83671875 0.0640625 0.109375
0 0.71796875 0.84921875 0.0796875 0.0921875
0 0.71796875 0.76484375 0.0640625 0.121875
0 0.703125 0.66875 0.0578125 0.1015625