0 0.165625 0.61171875 0.03359375 0.065625
0 0.11953125 0.70703125 0.05390625 0.27265625
0 0.15546875 0.76796875 0.04453125 0.16953125
0 0.28046875 0.634375 0.03984375 0.08515625
0 0.49921875 0.8703125 0.03828125 0.06953125
0 0.3828125 0.85078125 0.0359375 0.07421875
0 0.27265625 0.7875 0.04140625 0.16953125
0 0.28046875 0.13125 0.0609375 0.14296875
0 0.26484375 0.2921875 0.05390625 0.10703125
0 0.28828125 0.2234375 0.02265625 0.05625
0 0.27578125 0.36796875 0.01953125 0.05703125
0 0.25234375 0.47890625 0.06484375 0.1875
0 0.2015625 0.1140625 0.025 0.109375
0 0.23203125 0.12890625 0.03984375 0.12421875
0 0.1953125 0.20546875 0.0265625 0.08515625
0 0.190625 0.28515625 0.02734375 0.10546875
0 0.221875 0.25390625 0.04453125 0.1515625
0 0.215625 0.3640625 0.040625 0.1078125
0 0.20625 0.48203125 0.05 0.16796875
0 0.18046875 0.4390625 0.03671875 0.23515625
0 0.5078125 0.73828125 0.040625 0.121875
0 0.39296875 0.69296875 0.0421875 0.1671875
0 0.20234375 0.63515625 0.0421875 0.109375
0 0.19140625 0.77578125 0.0390625 0.1609375
0 0.24140625 0.6453125 0.0421875 0.10859375
0 0.2328125 0.778125 0.04375 0.17265625
0 0.31796875 0.6546875 0.04140625 0.10625
0 0.30859375 0.790625 0.0453125 0.1734375
0 0.35546875 0.66640625 0.03828125 0.11953125
0 0.34921875 0.77421875 0.0375 0.1125
0 0.34453125 0.85234375 0.03671875 0.0578125
0 0.43203125 0.72265625 0.04140625 0.10703125
0 0.4234375 0.83046875 0.04296875 0.134375
0 0.47265625 0.6796875 0.0390625 0.10546875
0 0.46796875 0.778125 0.03671875 0.1109375
0 0.4609375 0.86171875 0.0359375 0.08671875
0 0.54921875 0.68046875 0.0375 0.08125
0 0.54375 0.75390625 0.04375 0.1
0 0.53671875 0.85390625 0.0390625 0.12265625
0 0.61953125 0.7390625 0.04296875 0.1671875
0 0.58515625 0.6953125 0.0359375 0.09453125
0 0.578125 0.77734375 0.03828125 0.08984375
0 0.5734375 0.865625 0.03984375 0.10234375
0 0.62734375 0.89140625 0.06171875 0.0796875
0 0.64765625 0.81015625 0.03671875 0.11640625
0 0.65625 0.7125 0.03515625 0.09609375