0 0.36640625 0.29765625 0.04921875 0.096875
0 0.4046875 0.3484375 0.03671875 0.09453125
0 0.43984375 0.3875 0.0453125 0.0859375
0 0.47265625 0.43359375 0.04375 0.078125
0 0.48125 0.54921875 0.0515625 0.0875
0 0.51796875 0.5890625 0.0484375 0.08203125
0 0.559375 0.64453125 0.05234375 0.08984375
0 0.58515625 0.68828125 0.04609375 0.075
0 0.51640625 0.4890625 0.0546875 0.0859375
0 0.54921875 0.53671875 0.053125 0.08125
0 0.584375 0.57890625 0.0515625 0.0796875
0 0.61484375 0.625 0.05546875 0.08984375