0 0.40859375 0.28671875 0.084375 0.0765625
0 0.42578125 0.34453125 0.0796875 0.0671875
0 0.46796875 0.38515625 0.0859375 0.0734375
0 0.46875 0.42890625 0.0515625 0.0453125
0 0.4453125 0.46015625 0.05 0.084375
0 0.3609375 0.3390625 0.0546875 0.0828125
0 0.3890625 0.37890625 0.05625 0.071875
0 0.40859375 0.4171875 0.046875 0.075
0 0.421875 0.4546875 0.021875 0.0484375
0 0.50625 0.4515625 0.0515625 0.0734375
0 0.47421875 0.50859375 0.0625 0.0890625
0 0.50625 0.5453125 0.0546875 0.09375
0 0.52734375 0.59921875 0.0515625 0.09375
0 0.53046875 0.4921875 0.0640625 0.0828125
0 0.55859375 0.52890625 0.05 0.078125
0 0.5765625 0.55859375 0.05625 0.096875
0 0.60546875 0.59375 0.0546875 0.0890625
0 0.63203125 0.63671875 0.0609375 0.0890625
0 0.5546875 0.62578125 0.0546875 0.1
0 0.5921875 0.67578125 0.0765625 0.10625