0 0.37265625 0.30625 0.075 0.0640625
0 0.4 0.359375 0.071875 0.05546875
0 0.4484375 0.3921875 0.07578125 0.06171875
0 0.45703125 0.43515625 0.0453125 0.03828125
0 0.4390625 0.4703125 0.0375 0.07890625
0 0.33515625 0.365625 0.0421875 0.0765625
0 0.36953125 0.4 0.04609375 0.065625
0 0.3953125 0.434375 0.03515625 0.06953125
0 0.41484375 0.46875 0.01484375 0.04609375
0 0.49765625 0.4515625 0.03984375 0.06796875
0 0.47578125 0.51328125 0.04921875 0.08203125
0 0.5140625 0.54375 0.03984375 0.08828125
0 0.54453125 0.59296875 0.03671875 0.08828125
0 0.52890625 0.48671875 0.05234375 0.075
0 0.5625 0.51796875 0.03828125 0.071875
0 0.5859375 0.54453125 0.040625 0.09140625
0 0.6203125 0.57421875 0.04140625 0.08359375
0 0.65390625 0.61171875 0.04765625 0.0828125
0 0.57578125 0.6140625 0.0390625 0.09453125
0 0.62109375 0.65703125 0.0609375 0.09765625