0 0.38671875 0.29765625 0.0796875 0.06875
0 0.41015625 0.353125 0.075 0.0609375
0 0.45625 0.3890625 0.0796875 0.0671875
0 0.46171875 0.43203125 0.0484375 0.040625
0 0.44140625 0.46640625 0.0421875 0.08125
0 0.3453125 0.3546875 0.046875 0.0796875
0 0.3765625 0.39140625 0.05 0.06875
0 0.4 0.42734375 0.040625 0.071875
0 0.4171875 0.4625 0.01875 0.046875
0 0.50078125 0.4515625 0.04375 0.0703125
0 0.475 0.51171875 0.0546875 0.0859375
0 0.5109375 0.54453125 0.0453125 0.090625
0 0.53828125 0.59609375 0.0421875 0.090625
0 0.5296875 0.4890625 0.0578125 0.078125
0 0.5609375 0.52265625 0.04375 0.075
0 0.5828125 0.55078125 0.046875 0.09375
0 0.61484375 0.5828125 0.046875 0.0859375
0 0.64609375 0.621875 0.053125 0.0859375
0 0.56796875 0.61875 0.0453125 0.096875
0 0.61015625 0.66484375 0.0671875 0.1015625