0 0.68671875 0.43828125 0.0625 0.1015625
0 0.4796875 0.5328125 0.0390625 0.090625
0 0.44140625 0.4984375 0.06328125 0.0640625
0 0.3921875 0.48359375 0.03359375 0.0734375
0 0.2265625 0.51875 0.040625 0.06015625
0 0.23515625 0.58359375 0.0375 0.0546875
0 0.25 0.659375 0.04296875 0.1046875
0 0.2078125 0.671875 0.05234375 0.11640625
0 0.184375 0.5296875 0.03828125 0.04609375
0 0.09609375 0.58984375 0.04375 0.0546875
0 0.14453125 0.56796875 0.05703125 0.0453125
0 0.109375 0.65234375 0.0515625 0.06640625
0 0.16484375 0.63203125 0.059375 0.0671875