0 0.6890625 0.44453125 0.065625 0.103125
0 0.47890625 0.53203125 0.0421875 0.0921875
0 0.44140625 0.49609375 0.065625 0.065625
0 0.39296875 0.4796875 0.0359375 0.075
0 0.22578125 0.509375 0.0421875 0.0609375
0 0.23203125 0.57421875 0.0390625 0.05625
0 0.24453125 0.65078125 0.046875 0.10625
0 0.20234375 0.66171875 0.05625 0.11875
0 0.18359375 0.51875 0.040625 0.046875
0 0.09296875 0.57578125 0.0453125 0.05625
0 0.1421875 0.55546875 0.0578125 0.046875
0 0.10390625 0.63828125 0.053125 0.06875
0 0.16015625 0.6203125 0.0609375 0.06875