0 0.325 0.21328125 0.04140625 0.05390625
0 0.28125 0.1453125 0.03359375 0.0625
0 0.31484375 0.16328125 0.03359375 0.04375
0 0.1890625 0.44375 0.03828125 0.09375
0 0.1390625 0.365625 0.0625 0.06171875
0 0.75078125 0.83828125 0.046875 0.03671875
0 0.675 0.8890625 0.03984375 0.07265625
0 0.709375 0.89609375 0.021875 0.0765625
0 0.7140625 0.8390625 0.03046875 0.0453125
0 0.35 0.7890625 0.04609375 0.06640625
0 0.32109375 0.70390625 0.04375 0.07265625
0 0.3765625 0.734375 0.034375 0.075
0 0.409375 0.7078125 0.0296875 0.07421875
0 0.22890625 0.54296875 0.0296875 0.07109375
0 0.259375 0.51015625 0.0328125 0.0640625