0 0.36640625 0.19140625 0.0484375 0.059375
0 0.3328125 0.11796875 0.0421875 0.0671875
0 0.36328125 0.140625 0.0390625 0.0484375
0 0.2 0.40078125 0.0515625 0.0984375
0 0.1609375 0.31640625 0.0703125 0.0703125
0 0.7015625 0.86953125 0.0515625 0.0421875
0 0.61953125 0.909375 0.05 0.078125
0 0.65234375 0.92109375 0.0328125 0.078125
0 0.66484375 0.865625 0.0359375 0.0484375
0 0.3109375 0.765625 0.0546875 0.071875
0 0.29453125 0.67734375 0.053125 0.078125
0 0.3453125 0.71484375 0.04375 0.0796875
0 0.38125 0.69296875 0.0390625 0.078125
0 0.22578125 0.5046875 0.0390625 0.075
0 0.26015625 0.4765625 0.0421875 0.06875