0 0.36640625 0.8734375 0.046875 0.071875
0 0.33046875 0.940625 0.05 0.0828125
0 0.4640625 0.68046875 0.053125 0.071875
0 0.81015625 0.10390625 0.028125 0.053125
0 0.825 0.08359375 0.0375 0.0484375
0 0.778125 0.10625 0.04375 0.0515625
0 0.74453125 0.1484375 0.046875 0.065625
0 0.73203125 0.1 0.03125 0.0375
0 0.775 0.15625 0.025 0.040625
0 0.1828125 0.57890625 0.0484375 0.078125
0 0.23203125 0.5171875 0.0609375 0.1
0 0.209375 0.56328125 0.028125 0.0625
0 0.43359375 0.15390625 0.040625 0.0828125
0 0.39296875 0.20390625 0.0515625 0.090625
0 0.41953125 0.190625 0.021875 0.034375