0 0.3796875 0.878125 0.0484375 0.0734375
0 0.34609375 0.946875 0.0515625 0.0828125
0 0.47109375 0.68203125 0.0546875 0.0734375
0 0.79609375 0.09375 0.0296875 0.053125
0 0.81015625 0.07265625 0.0390625 0.0484375
0 0.7640625 0.09609375 0.0453125 0.0515625
0 0.73203125 0.13984375 0.0484375 0.0671875
0 0.7171875 0.0921875 0.0328125 0.0390625
0 0.7625 0.146875 0.0265625 0.040625
0 0.1859375 0.58984375 0.0515625 0.0796875
0 0.2328125 0.5265625 0.0640625 0.1
0 0.21171875 0.5734375 0.0296875 0.0625
0 0.42109375 0.15625 0.04375 0.0828125
0 0.3828125 0.2078125 0.053125 0.0921875
0 0.40859375 0.19375 0.0234375 0.034375