0 0.30390625 0.84453125 0.0359375 0.0671875
0 0.25625 0.9046875 0.03671875 0.07734375
0 0.43359375 0.671875 0.0421875 0.065625
0 0.87421875 0.1640625 0.0203125 0.05
0 0.8921875 0.14609375 0.03046875 0.04375
0 0.8421875 0.16015625 0.03671875 0.0453125
0 0.8015625 0.19609375 0.0375 0.06015625
0 0.79765625 0.14609375 0.0265625 0.03359375
0 0.83046875 0.209375 0.01953125 0.0375
0 0.17421875 0.52265625 0.03671875 0.0734375
0 0.2328125 0.4703125 0.04609375 0.09296875
0 0.203125 0.51171875 0.0171875 0.06015625
0 0.49453125 0.14765625 0.028125 0.07890625
0 0.44609375 0.18984375 0.03671875 0.0859375
0 0.47421875 0.18125 0.0171875 0.03125