0 0.3171875 0.3765625 0.05390625 0.075
0 0.25546875 0.33046875 0.03671875 0.065625
0 0.29453125 0.3234375 0.0375 0.0328125
0 0.47890625 0.8578125 0.046875 0.07265625
0 0.53984375 0.9 0.03984375 0.07265625
0 0.609375 0.9453125 0.0453125 0.0796875
0 0.57421875 0.89921875 0.028125 0.04296875
0 0.509375 0.8546875 0.01640625 0.03046875
0 0.37890625 0.17734375 0.02109375 0.0859375
0 0.40390625 0.134375 0.028125 0.08984375
0 0.40390625 0.2046875 0.02578125 0.0484375
0 0.42890625 0.1390625 0.0203125 0.0515625