0 0.1453125 0.390625 0.0546875 0.071875
0 0.1265625 0.20234375 0.0453125 0.0828125
0 0.171875 0.228125 0.05625 0.103125
0 0.7765625 0.4171875 0.05625 0.0625
0 0.82578125 0.51796875 0.0609375 0.0796875
0 0.48828125 0.76640625 0.053125 0.0578125
0 0.5125 0.82578125 0.059375 0.0828125
0 0.39140625 0.52265625 0.0328125 0.04375
0 0.4109375 0.5578125 0.0328125 0.0421875
0 0.4296875 0.596875 0.04375 0.053125
0 0.3671875 0.55390625 0.0515625 0.05
0 0.3890625 0.5953125 0.05 0.0484375
0 0.40859375 0.6375 0.05 0.0578125