0 0.1640625 0.3421875 0.04609375 0.06640625
0 0.171875 0.153125 0.03515625 0.078125
0 0.21328125 0.18515625 0.04375 0.0984375
0 0.78515625 0.45625 0.04921875 0.05625
0 0.8203125 0.56328125 0.0515625 0.0734375
0 0.4515625 0.7625 0.04609375 0.0515625
0 0.4671875 0.82421875 0.04921875 0.07734375
0 0.3890625 0.50703125 0.028125 0.040625
0 0.40390625 0.54453125 0.02734375 0.03828125
0 0.4171875 0.5859375 0.0375 0.04765625
0 0.3609375 0.53515625 0.04609375 0.04375
0 0.3765625 0.57890625 0.0453125 0.0421875
0 0.390625 0.6234375 0.04375 0.05234375