0 0.1375 0.421875 0.059375 0.075
0 0.10234375 0.2359375 0.0515625 0.084375
0 0.15 0.2578125 0.0640625 0.10625
0 0.76796875 0.39296875 0.0609375 0.065625
0 0.8265625 0.48984375 0.0671875 0.0828125
0 0.51171875 0.76640625 0.05625 0.0609375
0 0.540625 0.8234375 0.065625 0.0859375
0 0.39375 0.53203125 0.0359375 0.0453125
0 0.41640625 0.56484375 0.0359375 0.04375
0 0.43828125 0.60234375 0.046875 0.0546875
0 0.37265625 0.565625 0.0546875 0.053125
0 0.39765625 0.6046875 0.053125 0.0515625
0 0.42109375 0.64453125 0.0546875 0.0609375